              precision    recall  f1-score   support

           0     1.0000    0.5000    0.6667        10
           1     1.0000    0.8000    0.8889        10
           2     1.0000    0.1000    0.1818        10
           3     0.8000    0.4444    0.5714         9
           4     0.5455    0.8571    0.6667         7
           5     0.8571    0.6000    0.7059        10
           6     0.0947    1.0000    0.1731         9
           7     0.6667    1.0000    0.8000        12
           8     1.0000    0.7500    0.8571         8
           9     1.0000    0.7273    0.8421        11
          10     1.0000    0.2000    0.3333        10
          11     1.0000    1.0000    1.0000        12
          12     0.4500    0.8182    0.5806        11
          13     0.3333    0.2500    0.2857         8
          14     0.8750    0.7778    0.8235         9
          15     0.0000    0.0000    0.0000        12
          16     1.0000    0.7778    0.8750         9
          17     0.0000    0.0000    0.0000         9
          18     0.6667    0.1818    0.2857        11
          19     0.8750    0.9333    0.9032        15
          20     0.0000    0.0000    0.0000        10
          21     0.8333    0.9091    0.8696        11
          22     1.0000    1.0000    1.0000         8
          23     0.8571    0.6000    0.7059        10
          24     0.1190    1.0000    0.2128        10
          25     0.0000    0.0000    0.0000         9
          26     1.0000    0.8000    0.8889        10
          27     0.3226    1.0000    0.4878        10
          28     1.0000    0.5455    0.7059        11
          29     1.0000    0.8889    0.9412         9
          30     0.0000    0.0000    0.0000        12
          31     1.0000    0.1250    0.2222         8
          32     0.8333    0.5000    0.6250        10
          33     0.8571    1.0000    0.9231        12
          34     1.0000    1.0000    1.0000        11
          35     1.0000    1.0000    1.0000         8
          36     0.5263    1.0000    0.6897        10
          37     1.0000    0.1111    0.2000         9
          38     0.0000    0.0000    0.0000         8
          39     0.5333    0.7273    0.6154        11
          40     1.0000    1.0000    1.0000         9
          41     0.9091    0.9091    0.9091        11
          42     0.0000    0.0000    0.0000         9
          43     0.0000    0.0000    0.0000         9
          44     0.3571    0.9091    0.5128        11
          45     1.0000    0.2000    0.3333        10
          46     1.0000    0.2727    0.4286        11
          47     0.0000    0.0000    0.0000        11
          48     0.3000    0.9231    0.4528        13
          49     1.0000    0.8333    0.9091        12
          50     1.0000    1.0000    1.0000         8
          51     1.0000    0.5833    0.7368        12
          52     0.6667    1.0000    0.8000        10
          53     0.0000    0.0000    0.0000        10
          54     1.0000    1.0000    1.0000         9
          55     1.0000    0.8889    0.9412         9
          56     0.3929    0.9167    0.5500        12
          57     0.0000    0.0000    0.0000         8
          58     1.0000    0.8000    0.8889        10
          59     1.0000    0.5833    0.7368        12
          60     1.0000    0.5833    0.7368        12
          61     0.8333    0.5556    0.6667         9
          62     0.5000    1.0000    0.6667        10
          63     1.0000    0.3750    0.5455         8
          64     0.0000    0.0000    0.0000        12
          65     0.3667    0.9167    0.5238        12
          66     0.0000    0.0000    0.0000         8
          67     1.0000    0.1818    0.3077        11
          68     1.0000    0.8182    0.9000        11
          69     0.6364    0.7778    0.7000         9
          70     1.0000    0.9000    0.9474        10
          71     0.0000    0.0000    0.0000        10
          72     0.3200    0.8889    0.4706         9
          73     0.0000    0.0000    0.0000         3
          74     1.0000    1.0000    1.0000        14
          75     0.4000    0.7273    0.5161        11
          76     1.0000    0.8571    0.9231        14
          77     1.0000    0.8000    0.8889        10
          78     0.0000    0.0000    0.0000         9
          79     1.0000    0.3333    0.5000        12
          80     0.8333    0.5556    0.6667         9
          81     1.0000    0.6667    0.8000         9
          82     0.0000    0.0000    0.0000        11
          83     1.0000    0.8462    0.9167        13
          84     0.4545    0.5000    0.4762        10
          85     1.0000    0.7692    0.8696        13
          86     1.0000    0.5455    0.7059        11
          87     0.5000    0.1111    0.1818         9
          88     1.0000    0.1250    0.2222         8
          89     0.9000    0.8182    0.8571        11

    accuracy                         0.5882       913
   macro avg     0.6602    0.5711    0.5524       913
weighted avg     0.6724    0.5882    0.5681       913
