              precision    recall  f1-score   support

           0     0.8571    0.6000    0.7059        10
           1     0.8889    0.8000    0.8421        10
           2     1.0000    1.0000    1.0000        10
           3     0.5714    0.4444    0.5000         9
           4     1.0000    1.0000    1.0000         7
           5     1.0000    0.7000    0.8235        10
           6     0.4444    0.8889    0.5926         9
           7     0.9091    0.8333    0.8696        12
           8     1.0000    1.0000    1.0000         8
           9     1.0000    0.9091    0.9524        11
          10     0.6000    0.3000    0.4000        10
          11     1.0000    1.0000    1.0000        12
          12     1.0000    0.8182    0.9000        11
          13     0.6000    0.3750    0.4615         8
          14     0.8000    0.8889    0.8421         9
          15     0.8889    0.6667    0.7619        12
          16     1.0000    1.0000    1.0000         9
          17     1.0000    0.5556    0.7143         9
          18     1.0000    0.4545    0.6250        11
          19     0.6000    1.0000    0.7500        15
          20     0.3750    0.9000    0.5294        10
          21     0.3333    0.9091    0.4878        11
          22     0.8000    1.0000    0.8889         8
          23     0.8889    0.8000    0.8421        10
          24     0.6250    1.0000    0.7692        10
          25     1.0000    0.8889    0.9412         9
          26     0.9091    1.0000    0.9524        10
          27     0.7143    1.0000    0.8333        10
          28     1.0000    0.5455    0.7059        11
          29     0.0000    0.0000    0.0000         9
          30     1.0000    0.8333    0.9091        12
          31     1.0000    0.7500    0.8571         8
          32     0.5000    0.8000    0.6154        10
          33     0.9167    0.9167    0.9167        12
          34     0.9167    1.0000    0.9565        11
          35     1.0000    1.0000    1.0000         8
          36     1.0000    0.6000    0.7500        10
          37     0.3750    1.0000    0.5455         9
          38     1.0000    0.6250    0.7692         8
          39     0.4500    0.8182    0.5806        11
          40     1.0000    1.0000    1.0000         9
          41     1.0000    1.0000    1.0000        11
          42     1.0000    0.8889    0.9412         9
          43     1.0000    0.5556    0.7143         9
          44     0.5455    0.5455    0.5455        11
          45     1.0000    1.0000    1.0000        10
          46     1.0000    0.9091    0.9524        11
          47     1.0000    0.7273    0.8421        11
          48     1.0000    0.4615    0.6316        13
          49     0.9231    1.0000    0.9600        12
          50     1.0000    1.0000    1.0000         8
          51     1.0000    0.8333    0.9091        12
          52     1.0000    0.9000    0.9474        10
          53     1.0000    0.8000    0.8889        10
          54     1.0000    1.0000    1.0000         9
          55     1.0000    0.6667    0.8000         9
          56     1.0000    0.6667    0.8000        12
          57     1.0000    0.8750    0.9333         8
          58     1.0000    1.0000    1.0000        10
          59     0.8750    0.5833    0.7000        12
          60     0.9000    0.7500    0.8182        12
          61     1.0000    0.7778    0.8750         9
          62     0.4545    1.0000    0.6250        10
          63     1.0000    1.0000    1.0000         8
          64     1.0000    0.7500    0.8571        12
          65     0.7857    0.9167    0.8462        12
          66     1.0000    0.7500    0.8571         8
          67     0.8182    0.8182    0.8182        11
          68     0.9000    0.8182    0.8571        11
          69     0.6923    1.0000    0.8182         9
          70     0.9000    0.9000    0.9000        10
          71     1.0000    0.7000    0.8235        10
          72     0.8571    0.6667    0.7500         9
          73     1.0000    1.0000    1.0000         3
          74     1.0000    1.0000    1.0000        14
          75     0.8182    0.8182    0.8182        11
          76     0.8571    0.8571    0.8571        14
          77     1.0000    0.8000    0.8889        10
          78     0.0000    0.0000    0.0000         9
          79     0.7059    1.0000    0.8276        12
          80     0.5000    1.0000    0.6667         9
          81     0.7273    0.8889    0.8000         9
          82     0.8889    0.7273    0.8000        11
          83     0.9231    0.9231    0.9231        13
          84     0.7273    0.8000    0.7619        10
          85     1.0000    0.9231    0.9600        13
          86     0.8571    0.5455    0.6667        11
          87     0.6667    0.6667    0.6667         9
          88     1.0000    0.8750    0.9333         8
          89     0.8333    0.4545    0.5882        11

    accuracy                         0.8018       913
   macro avg     0.8458    0.8018    0.8018       913
weighted avg     0.8468    0.8018    0.8020       913
